07079999400
07079999401
07079999402
07079999403
07079999404
07079999405
07079999406
07079999407
07079999408
07079999409
07079999410
07079999411
07079999412
07079999413
07079999414
07079999415
07079999416
07079999417
07079999418
07079999419
07079999420
07079999421
07079999422
07079999423
07079999424
07079999425
07079999426
07079999427
07079999428
07079999429
07079999430
07079999431
07079999432
07079999433
07079999434
07079999435
07079999436
07079999437
07079999438
07079999439
07079999440
07079999441
07079999442
07079999443
07079999444
07079999445
07079999446
07079999447
07079999448
07079999449
